solid tet_mesh
facet normal 0 0 0
    outer loop
        vertex 0.0 0.0 0.0
        vertex 0.02372237143447858 0.025590145065154654 -0.004558506728903999
        vertex 0.022071321209630426 -0.0005596740771251757 -0.005838918489577815
    endloop
endfacet
facet normal 0 0 0
    outer loop
        vertex 0.02372237143447858 0.025590145065154654 -0.004558506728903999
        vertex 0.026205672486741653 0.0002049863871701043 0.01967115482295465
        vertex 0.022071321209630426 -0.0005596740771251757 -0.005838918489577815
    endloop
endfacet
facet normal 0 0 0
    outer loop
        vertex 0.02372237143447858 0.025590145065154654 -0.004558506728903999
        vertex 0.0 0.0 0.0
        vertex 0.026205672486741653 0.0002049863871701043 0.01967115482295465
    endloop
endfacet
facet normal 0 0 0
    outer loop
        vertex 0.0 0.0 0.0
        vertex 0.022071321209630426 -0.0005596740771251757 -0.005838918489577815
        vertex 0.026205672486741653 0.0002049863871701043 0.01967115482295465
    endloop
endfacet
facet normal 0 0 0
    outer loop
        vertex 0.0 0.0 0.0
        vertex 0.0 0.0 0.025
        vertex 0.0 0.025 0.025
    endloop
endfacet
facet normal 0 0 0
    outer loop
        vertex 0.0 0.0 0.025
        vertex 0.026205672486741653 0.0002049863871701043 0.01967115482295465
        vertex 0.0 0.025 0.025
    endloop
endfacet
facet normal 0 0 0
    outer loop
        vertex 0.0 0.0 0.025
        vertex 0.0 0.0 0.0
        vertex 0.026205672486741653 0.0002049863871701043 0.01967115482295465
    endloop
endfacet
facet normal 0 0 0
    outer loop
        vertex 0.0 0.0 0.0
        vertex 0.0 0.025 0.025
        vertex 0.026205672486741653 0.0002049863871701043 0.01967115482295465
    endloop
endfacet
facet normal 0 0 0
    outer loop
        vertex 0.0 0.0 0.0
        vertex 0.02372237143447858 0.025590145065154654 -0.004558506728903999
        vertex 0.026205672486741653 0.0002049863871701043 0.01967115482295465
    endloop
endfacet
facet normal 0 0 0
    outer loop
        vertex 0.02372237143447858 0.025590145065154654 -0.004558506728903999
        vertex 0.0 0.025 0.025
        vertex 0.026205672486741653 0.0002049863871701043 0.01967115482295465
    endloop
endfacet
facet normal 0 0 0
    outer loop
        vertex 0.02372237143447858 0.025590145065154654 -0.004558506728903999
        vertex 0.0 0.0 0.0
        vertex 0.0 0.025 0.025
    endloop
endfacet
facet normal 0 0 0
    outer loop
        vertex 0.0 0.0 0.0
        vertex 0.026205672486741653 0.0002049863871701043 0.01967115482295465
        vertex 0.0 0.025 0.025
    endloop
endfacet
facet normal 0 0 0
    outer loop
        vertex 0.02372237143447858 0.025590145065154654 -0.004558506728903999
        vertex 0.02775361495831677 0.02351412897917488 0.0192990800088635
        vertex 0.026205672486741653 0.0002049863871701043 0.01967115482295465
    endloop
endfacet
facet normal 0 0 0
    outer loop
        vertex 0.02775361495831677 0.02351412897917488 0.0192990800088635
        vertex 0.0 0.025 0.025
        vertex 0.026205672486741653 0.0002049863871701043 0.01967115482295465
    endloop
endfacet
facet normal 0 0 0
    outer loop
        vertex 0.02775361495831677 0.02351412897917488 0.0192990800088635
        vertex 0.02372237143447858 0.025590145065154654 -0.004558506728903999
        vertex 0.0 0.025 0.025
    endloop
endfacet
facet normal 0 0 0
    outer loop
        vertex 0.02372237143447858 0.025590145065154654 -0.004558506728903999
        vertex 0.026205672486741653 0.0002049863871701043 0.01967115482295465
        vertex 0.0 0.025 0.025
    endloop
endfacet
facet normal 0 0 0
    outer loop
        vertex 0.0 0.0 0.0
        vertex 0.0 0.025 0.025
        vertex 0.0 0.025 0.0
    endloop
endfacet
facet normal 0 0 0
    outer loop
        vertex 0.0 0.025 0.025
        vertex 0.02372237143447858 0.025590145065154654 -0.004558506728903999
        vertex 0.0 0.025 0.0
    endloop
endfacet
facet normal 0 0 0
    outer loop
        vertex 0.0 0.025 0.025
        vertex 0.0 0.0 0.0
        vertex 0.02372237143447858 0.025590145065154654 -0.004558506728903999
    endloop
endfacet
facet normal 0 0 0
    outer loop
        vertex 0.0 0.0 0.0
        vertex 0.0 0.025 0.0
        vertex 0.02372237143447858 0.025590145065154654 -0.004558506728903999
    endloop
endfacet
facet normal 0 0 0
    outer loop
        vertex 0.022071321209630426 -0.0005596740771251757 -0.005838918489577815
        vertex 0.04682027255891664 0.023871364213534207 -0.01213362070859446
        vertex 0.045152824153128275 -0.0013187927786182689 -0.013136848546239843
    endloop
endfacet
facet normal 0 0 0
    outer loop
        vertex 0.04682027255891664 0.023871364213534207 -0.01213362070859446
        vertex 0.051412952772644994 -0.0018281767244162908 0.011622767993694922
        vertex 0.045152824153128275 -0.0013187927786182689 -0.013136848546239843
    endloop
endfacet
facet normal 0 0 0
    outer loop
        vertex 0.04682027255891664 0.023871364213534207 -0.01213362070859446
        vertex 0.022071321209630426 -0.0005596740771251757 -0.005838918489577815
        vertex 0.051412952772644994 -0.0018281767244162908 0.011622767993694922
    endloop
endfacet
facet normal 0 0 0
    outer loop
        vertex 0.022071321209630426 -0.0005596740771251757 -0.005838918489577815
        vertex 0.045152824153128275 -0.0013187927786182689 -0.013136848546239843
        vertex 0.051412952772644994 -0.0018281767244162908 0.011622767993694922
    endloop
endfacet
facet normal 0 0 0
    outer loop
        vertex 0.022071321209630426 -0.0005596740771251757 -0.005838918489577815
        vertex 0.026205672486741653 0.0002049863871701043 0.01967115482295465
        vertex 0.02775361495831677 0.02351412897917488 0.0192990800088635
    endloop
endfacet
facet normal 0 0 0
    outer loop
        vertex 0.026205672486741653 0.0002049863871701043 0.01967115482295465
        vertex 0.051412952772644994 -0.0018281767244162908 0.011622767993694922
        vertex 0.02775361495831677 0.02351412897917488 0.0192990800088635
    endloop
endfacet
facet normal 0 0 0
    outer loop
        vertex 0.026205672486741653 0.0002049863871701043 0.01967115482295465
        vertex 0.022071321209630426 -0.0005596740771251757 -0.005838918489577815
        vertex 0.051412952772644994 -0.0018281767244162908 0.011622767993694922
    endloop
endfacet
facet normal 0 0 0
    outer loop
        vertex 0.022071321209630426 -0.0005596740771251757 -0.005838918489577815
        vertex 0.02775361495831677 0.02351412897917488 0.0192990800088635
        vertex 0.051412952772644994 -0.0018281767244162908 0.011622767993694922
    endloop
endfacet
facet normal 0 0 0
    outer loop
        vertex 0.022071321209630426 -0.0005596740771251757 -0.005838918489577815
        vertex 0.04682027255891664 0.023871364213534207 -0.01213362070859446
        vertex 0.051412952772644994 -0.0018281767244162908 0.011622767993694922
    endloop
endfacet
facet normal 0 0 0
    outer loop
        vertex 0.04682027255891664 0.023871364213534207 -0.01213362070859446
        vertex 0.02775361495831677 0.02351412897917488 0.0192990800088635
        vertex 0.051412952772644994 -0.0018281767244162908 0.011622767993694922
    endloop
endfacet
facet normal 0 0 0
    outer loop
        vertex 0.04682027255891664 0.023871364213534207 -0.01213362070859446
        vertex 0.022071321209630426 -0.0005596740771251757 -0.005838918489577815
        vertex 0.02775361495831677 0.02351412897917488 0.0192990800088635
    endloop
endfacet
facet normal 0 0 0
    outer loop
        vertex 0.022071321209630426 -0.0005596740771251757 -0.005838918489577815
        vertex 0.051412952772644994 -0.0018281767244162908 0.011622767993694922
        vertex 0.02775361495831677 0.02351412897917488 0.0192990800088635
    endloop
endfacet
facet normal 0 0 0
    outer loop
        vertex 0.04682027255891664 0.023871364213534207 -0.01213362070859446
        vertex 0.05287630054965083 0.022470466674328695 0.011795936243516847
        vertex 0.051412952772644994 -0.0018281767244162908 0.011622767993694922
    endloop
endfacet
facet normal 0 0 0
    outer loop
        vertex 0.05287630054965083 0.022470466674328695 0.011795936243516847
        vertex 0.02775361495831677 0.02351412897917488 0.0192990800088635
        vertex 0.051412952772644994 -0.0018281767244162908 0.011622767993694922
    endloop
endfacet
facet normal 0 0 0
    outer loop
        vertex 0.05287630054965083 0.022470466674328695 0.011795936243516847
        vertex 0.04682027255891664 0.023871364213534207 -0.01213362070859446
        vertex 0.02775361495831677 0.02351412897917488 0.0192990800088635
    endloop
endfacet
facet normal 0 0 0
    outer loop
        vertex 0.04682027255891664 0.023871364213534207 -0.01213362070859446
        vertex 0.051412952772644994 -0.0018281767244162908 0.011622767993694922
        vertex 0.02775361495831677 0.02351412897917488 0.0192990800088635
    endloop
endfacet
facet normal 0 0 0
    outer loop
        vertex 0.022071321209630426 -0.0005596740771251757 -0.005838918489577815
        vertex 0.02775361495831677 0.02351412897917488 0.0192990800088635
        vertex 0.02372237143447858 0.025590145065154654 -0.004558506728903999
    endloop
endfacet
facet normal 0 0 0
    outer loop
        vertex 0.02775361495831677 0.02351412897917488 0.0192990800088635
        vertex 0.04682027255891664 0.023871364213534207 -0.01213362070859446
        vertex 0.02372237143447858 0.025590145065154654 -0.004558506728903999
    endloop
endfacet
facet normal 0 0 0
    outer loop
        vertex 0.02775361495831677 0.02351412897917488 0.0192990800088635
        vertex 0.022071321209630426 -0.0005596740771251757 -0.005838918489577815
        vertex 0.04682027255891664 0.023871364213534207 -0.01213362070859446
    endloop
endfacet
facet normal 0 0 0
    outer loop
        vertex 0.022071321209630426 -0.0005596740771251757 -0.005838918489577815
        vertex 0.02372237143447858 0.025590145065154654 -0.004558506728903999
        vertex 0.04682027255891664 0.023871364213534207 -0.01213362070859446
    endloop
endfacet
facet normal 0 0 0
    outer loop
        vertex 0.045152824153128275 -0.0013187927786182689 -0.013136848546239843
        vertex 0.0705080702090523 0.022325820957507257 -0.019732053219308168
        vertex 0.0687181591911489 -0.002314891575345361 -0.020765839313734907
    endloop
endfacet
facet normal 0 0 0
    outer loop
        vertex 0.0705080702090523 0.022325820957507257 -0.019732053219308168
        vertex 0.075454637877104 -0.0034964418050576684 0.003909296188703372
        vertex 0.0687181591911489 -0.002314891575345361 -0.020765839313734907
    endloop
endfacet
facet normal 0 0 0
    outer loop
        vertex 0.0705080702090523 0.022325820957507257 -0.019732053219308168
        vertex 0.045152824153128275 -0.0013187927786182689 -0.013136848546239843
        vertex 0.075454637877104 -0.0034964418050576684 0.003909296188703372
    endloop
endfacet
facet normal 0 0 0
    outer loop
        vertex 0.045152824153128275 -0.0013187927786182689 -0.013136848546239843
        vertex 0.0687181591911489 -0.002314891575345361 -0.020765839313734907
        vertex 0.075454637877104 -0.0034964418050576684 0.003909296188703372
    endloop
endfacet
facet normal 0 0 0
    outer loop
        vertex 0.045152824153128275 -0.0013187927786182689 -0.013136848546239843
        vertex 0.051412952772644994 -0.0018281767244162908 0.011622767993694922
        vertex 0.05287630054965083 0.022470466674328695 0.011795936243516847
    endloop
endfacet
facet normal 0 0 0
    outer loop
        vertex 0.051412952772644994 -0.0018281767244162908 0.011622767993694922
        vertex 0.075454637877104 -0.0034964418050576684 0.003909296188703372
        vertex 0.05287630054965083 0.022470466674328695 0.011795936243516847
    endloop
endfacet
facet normal 0 0 0
    outer loop
        vertex 0.051412952772644994 -0.0018281767244162908 0.011622767993694922
        vertex 0.045152824153128275 -0.0013187927786182689 -0.013136848546239843
        vertex 0.075454637877104 -0.0034964418050576684 0.003909296188703372
    endloop
endfacet
facet normal 0 0 0
    outer loop
        vertex 0.045152824153128275 -0.0013187927786182689 -0.013136848546239843
        vertex 0.05287630054965083 0.022470466674328695 0.011795936243516847
        vertex 0.075454637877104 -0.0034964418050576684 0.003909296188703372
    endloop
endfacet
facet normal 0 0 0
    outer loop
        vertex 0.045152824153128275 -0.0013187927786182689 -0.013136848546239843
        vertex 0.0705080702090523 0.022325820957507257 -0.019732053219308168
        vertex 0.075454637877104 -0.0034964418050576684 0.003909296188703372
    endloop
endfacet
facet normal 0 0 0
    outer loop
        vertex 0.0705080702090523 0.022325820957507257 -0.019732053219308168
        vertex 0.05287630054965083 0.022470466674328695 0.011795936243516847
        vertex 0.075454637877104 -0.0034964418050576684 0.003909296188703372
    endloop
endfacet
facet normal 0 0 0
    outer loop
        vertex 0.0705080702090523 0.022325820957507257 -0.019732053219308168
        vertex 0.045152824153128275 -0.0013187927786182689 -0.013136848546239843
        vertex 0.05287630054965083 0.022470466674328695 0.011795936243516847
    endloop
endfacet
facet normal 0 0 0
    outer loop
        vertex 0.045152824153128275 -0.0013187927786182689 -0.013136848546239843
        vertex 0.075454637877104 -0.0034964418050576684 0.003909296188703372
        vertex 0.05287630054965083 0.022470466674328695 0.011795936243516847
    endloop
endfacet
facet normal 0 0 0
    outer loop
        vertex 0.0705080702090523 0.022325820957507257 -0.019732053219308168
        vertex 0.07692244336846134 0.021223243078776825 0.004575400524748103
        vertex 0.075454637877104 -0.0034964418050576684 0.003909296188703372
    endloop
endfacet
facet normal 0 0 0
    outer loop
        vertex 0.07692244336846134 0.021223243078776825 0.004575400524748103
        vertex 0.05287630054965083 0.022470466674328695 0.011795936243516847
        vertex 0.075454637877104 -0.0034964418050576684 0.003909296188703372
    endloop
endfacet
facet normal 0 0 0
    outer loop
        vertex 0.07692244336846134 0.021223243078776825 0.004575400524748103
        vertex 0.0705080702090523 0.022325820957507257 -0.019732053219308168
        vertex 0.05287630054965083 0.022470466674328695 0.011795936243516847
    endloop
endfacet
facet normal 0 0 0
    outer loop
        vertex 0.0705080702090523 0.022325820957507257 -0.019732053219308168
        vertex 0.075454637877104 -0.0034964418050576684 0.003909296188703372
        vertex 0.05287630054965083 0.022470466674328695 0.011795936243516847
    endloop
endfacet
facet normal 0 0 0
    outer loop
        vertex 0.045152824153128275 -0.0013187927786182689 -0.013136848546239843
        vertex 0.05287630054965083 0.022470466674328695 0.011795936243516847
        vertex 0.04682027255891664 0.023871364213534207 -0.01213362070859446
    endloop
endfacet
facet normal 0 0 0
    outer loop
        vertex 0.05287630054965083 0.022470466674328695 0.011795936243516847
        vertex 0.0705080702090523 0.022325820957507257 -0.019732053219308168
        vertex 0.04682027255891664 0.023871364213534207 -0.01213362070859446
    endloop
endfacet
facet normal 0 0 0
    outer loop
        vertex 0.05287630054965083 0.022470466674328695 0.011795936243516847
        vertex 0.045152824153128275 -0.0013187927786182689 -0.013136848546239843
        vertex 0.0705080702090523 0.022325820957507257 -0.019732053219308168
    endloop
endfacet
facet normal 0 0 0
    outer loop
        vertex 0.045152824153128275 -0.0013187927786182689 -0.013136848546239843
        vertex 0.04682027255891664 0.023871364213534207 -0.01213362070859446
        vertex 0.0705080702090523 0.022325820957507257 -0.019732053219308168
    endloop
endfacet
endsolid