solid tet_mesh
facet normal 0 0 0
    outer loop
        vertex 0.0 0.0 0.0
        vertex 0.023580612729854202 0.02545316975409657 -0.0052196329885027615
        vertex 0.021944054679802674 -0.0010574705556804086 -0.00605528514643919
    endloop
endfacet
facet normal 0 0 0
    outer loop
        vertex 0.023580612729854202 0.02545316975409657 -0.0052196329885027615
        vertex 0.0263550901169433 0.0004839414193290528 0.01991599866452791
        vertex 0.021944054679802674 -0.0010574705556804086 -0.00605528514643919
    endloop
endfacet
facet normal 0 0 0
    outer loop
        vertex 0.023580612729854202 0.02545316975409657 -0.0052196329885027615
        vertex 0.0 0.0 0.0
        vertex 0.0263550901169433 0.0004839414193290528 0.01991599866452791
    endloop
endfacet
facet normal 0 0 0
    outer loop
        vertex 0.0 0.0 0.0
        vertex 0.021944054679802674 -0.0010574705556804086 -0.00605528514643919
        vertex 0.0263550901169433 0.0004839414193290528 0.01991599866452791
    endloop
endfacet
facet normal 0 0 0
    outer loop
        vertex 0.0 0.0 0.0
        vertex 0.0 0.0 0.025
        vertex 0.0 0.025 0.025
    endloop
endfacet
facet normal 0 0 0
    outer loop
        vertex 0.0 0.0 0.025
        vertex 0.0263550901169433 0.0004839414193290528 0.01991599866452791
        vertex 0.0 0.025 0.025
    endloop
endfacet
facet normal 0 0 0
    outer loop
        vertex 0.0 0.0 0.025
        vertex 0.0 0.0 0.0
        vertex 0.0263550901169433 0.0004839414193290528 0.01991599866452791
    endloop
endfacet
facet normal 0 0 0
    outer loop
        vertex 0.0 0.0 0.0
        vertex 0.0 0.025 0.025
        vertex 0.0263550901169433 0.0004839414193290528 0.01991599866452791
    endloop
endfacet
facet normal 0 0 0
    outer loop
        vertex 0.0 0.0 0.0
        vertex 0.023580612729854202 0.02545316975409657 -0.0052196329885027615
        vertex 0.0263550901169433 0.0004839414193290528 0.01991599866452791
    endloop
endfacet
facet normal 0 0 0
    outer loop
        vertex 0.023580612729854202 0.02545316975409657 -0.0052196329885027615
        vertex 0.0 0.025 0.025
        vertex 0.0263550901169433 0.0004839414193290528 0.01991599866452791
    endloop
endfacet
facet normal 0 0 0
    outer loop
        vertex 0.023580612729854202 0.02545316975409657 -0.0052196329885027615
        vertex 0.0 0.0 0.0
        vertex 0.0 0.025 0.025
    endloop
endfacet
facet normal 0 0 0
    outer loop
        vertex 0.0 0.0 0.0
        vertex 0.0263550901169433 0.0004839414193290528 0.01991599866452791
        vertex 0.0 0.025 0.025
    endloop
endfacet
facet normal 0 0 0
    outer loop
        vertex 0.023580612729854202 0.02545316975409657 -0.0052196329885027615
        vertex 0.02793679335100719 0.023739464618796474 0.01924086001355637
        vertex 0.0263550901169433 0.0004839414193290528 0.01991599866452791
    endloop
endfacet
facet normal 0 0 0
    outer loop
        vertex 0.02793679335100719 0.023739464618796474 0.01924086001355637
        vertex 0.0 0.025 0.025
        vertex 0.0263550901169433 0.0004839414193290528 0.01991599866452791
    endloop
endfacet
facet normal 0 0 0
    outer loop
        vertex 0.02793679335100719 0.023739464618796474 0.01924086001355637
        vertex 0.023580612729854202 0.02545316975409657 -0.0052196329885027615
        vertex 0.0 0.025 0.025
    endloop
endfacet
facet normal 0 0 0
    outer loop
        vertex 0.023580612729854202 0.02545316975409657 -0.0052196329885027615
        vertex 0.0263550901169433 0.0004839414193290528 0.01991599866452791
        vertex 0.0 0.025 0.025
    endloop
endfacet
facet normal 0 0 0
    outer loop
        vertex 0.0 0.0 0.0
        vertex 0.0 0.025 0.025
        vertex 0.0 0.025 0.0
    endloop
endfacet
facet normal 0 0 0
    outer loop
        vertex 0.0 0.025 0.025
        vertex 0.023580612729854202 0.02545316975409657 -0.0052196329885027615
        vertex 0.0 0.025 0.0
    endloop
endfacet
facet normal 0 0 0
    outer loop
        vertex 0.0 0.025 0.025
        vertex 0.0 0.0 0.0
        vertex 0.023580612729854202 0.02545316975409657 -0.0052196329885027615
    endloop
endfacet
facet normal 0 0 0
    outer loop
        vertex 0.0 0.0 0.0
        vertex 0.0 0.025 0.0
        vertex 0.023580612729854202 0.02545316975409657 -0.0052196329885027615
    endloop
endfacet
facet normal 0 0 0
    outer loop
        vertex 0.021944054679802674 -0.0010574705556804086 -0.00605528514643919
        vertex 0.04714516675805996 0.02351974762977981 -0.013490056890317367
        vertex 0.04567253132711874 -0.0019210271579746287 -0.0141884308818995
    endloop
endfacet
facet normal 0 0 0
    outer loop
        vertex 0.04714516675805996 0.02351974762977981 -0.013490056890317367
        vertex 0.052596422196291855 -0.0016039789434526355 0.01148173621585946
        vertex 0.04567253132711874 -0.0019210271579746287 -0.0141884308818995
    endloop
endfacet
facet normal 0 0 0
    outer loop
        vertex 0.04714516675805996 0.02351974762977981 -0.013490056890317367
        vertex 0.021944054679802674 -0.0010574705556804086 -0.00605528514643919
        vertex 0.052596422196291855 -0.0016039789434526355 0.01148173621585946
    endloop
endfacet
facet normal 0 0 0
    outer loop
        vertex 0.021944054679802674 -0.0010574705556804086 -0.00605528514643919
        vertex 0.04567253132711874 -0.0019210271579746287 -0.0141884308818995
        vertex 0.052596422196291855 -0.0016039789434526355 0.01148173621585946
    endloop
endfacet
facet normal 0 0 0
    outer loop
        vertex 0.021944054679802674 -0.0010574705556804086 -0.00605528514643919
        vertex 0.0263550901169433 0.0004839414193290528 0.01991599866452791
        vertex 0.02793679335100719 0.023739464618796474 0.01924086001355637
    endloop
endfacet
facet normal 0 0 0
    outer loop
        vertex 0.0263550901169433 0.0004839414193290528 0.01991599866452791
        vertex 0.052596422196291855 -0.0016039789434526355 0.01148173621585946
        vertex 0.02793679335100719 0.023739464618796474 0.01924086001355637
    endloop
endfacet
facet normal 0 0 0
    outer loop
        vertex 0.0263550901169433 0.0004839414193290528 0.01991599866452791
        vertex 0.021944054679802674 -0.0010574705556804086 -0.00605528514643919
        vertex 0.052596422196291855 -0.0016039789434526355 0.01148173621585946
    endloop
endfacet
facet normal 0 0 0
    outer loop
        vertex 0.021944054679802674 -0.0010574705556804086 -0.00605528514643919
        vertex 0.02793679335100719 0.023739464618796474 0.01924086001355637
        vertex 0.052596422196291855 -0.0016039789434526355 0.01148173621585946
    endloop
endfacet
facet normal 0 0 0
    outer loop
        vertex 0.021944054679802674 -0.0010574705556804086 -0.00605528514643919
        vertex 0.04714516675805996 0.02351974762977981 -0.013490056890317367
        vertex 0.052596422196291855 -0.0016039789434526355 0.01148173621585946
    endloop
endfacet
facet normal 0 0 0
    outer loop
        vertex 0.04714516675805996 0.02351974762977981 -0.013490056890317367
        vertex 0.02793679335100719 0.023739464618796474 0.01924086001355637
        vertex 0.052596422196291855 -0.0016039789434526355 0.01148173621585946
    endloop
endfacet
facet normal 0 0 0
    outer loop
        vertex 0.04714516675805996 0.02351974762977981 -0.013490056890317367
        vertex 0.021944054679802674 -0.0010574705556804086 -0.00605528514643919
        vertex 0.02793679335100719 0.023739464618796474 0.01924086001355637
    endloop
endfacet
facet normal 0 0 0
    outer loop
        vertex 0.021944054679802674 -0.0010574705556804086 -0.00605528514643919
        vertex 0.052596422196291855 -0.0016039789434526355 0.01148173621585946
        vertex 0.02793679335100719 0.023739464618796474 0.01924086001355637
    endloop
endfacet
facet normal 0 0 0
    outer loop
        vertex 0.04714516675805996 0.02351974762977981 -0.013490056890317367
        vertex 0.05406009064301007 0.02269454055236867 0.011302563017181098
        vertex 0.052596422196291855 -0.0016039789434526355 0.01148173621585946
    endloop
endfacet
facet normal 0 0 0
    outer loop
        vertex 0.05406009064301007 0.02269454055236867 0.011302563017181098
        vertex 0.02793679335100719 0.023739464618796474 0.01924086001355637
        vertex 0.052596422196291855 -0.0016039789434526355 0.01148173621585946
    endloop
endfacet
facet normal 0 0 0
    outer loop
        vertex 0.05406009064301007 0.02269454055236867 0.011302563017181098
        vertex 0.04714516675805996 0.02351974762977981 -0.013490056890317367
        vertex 0.02793679335100719 0.023739464618796474 0.01924086001355637
    endloop
endfacet
facet normal 0 0 0
    outer loop
        vertex 0.04714516675805996 0.02351974762977981 -0.013490056890317367
        vertex 0.052596422196291855 -0.0016039789434526355 0.01148173621585946
        vertex 0.02793679335100719 0.023739464618796474 0.01924086001355637
    endloop
endfacet
facet normal 0 0 0
    outer loop
        vertex 0.021944054679802674 -0.0010574705556804086 -0.00605528514643919
        vertex 0.02793679335100719 0.023739464618796474 0.01924086001355637
        vertex 0.023580612729854202 0.02545316975409657 -0.0052196329885027615
    endloop
endfacet
facet normal 0 0 0
    outer loop
        vertex 0.02793679335100719 0.023739464618796474 0.01924086001355637
        vertex 0.04714516675805996 0.02351974762977981 -0.013490056890317367
        vertex 0.023580612729854202 0.02545316975409657 -0.0052196329885027615
    endloop
endfacet
facet normal 0 0 0
    outer loop
        vertex 0.02793679335100719 0.023739464618796474 0.01924086001355637
        vertex 0.021944054679802674 -0.0010574705556804086 -0.00605528514643919
        vertex 0.04714516675805996 0.02351974762977981 -0.013490056890317367
    endloop
endfacet
facet normal 0 0 0
    outer loop
        vertex 0.021944054679802674 -0.0010574705556804086 -0.00605528514643919
        vertex 0.023580612729854202 0.02545316975409657 -0.0052196329885027615
        vertex 0.04714516675805996 0.02351974762977981 -0.013490056890317367
    endloop
endfacet
facet normal 0 0 0
    outer loop
        vertex 0.04567253132711874 -0.0019210271579746287 -0.0141884308818995
        vertex 0.07175593329800622 0.02182833049035149 -0.022014646252773586
        vertex 0.07017046212404508 -0.0029778027656994104 -0.02289227230672492
    endloop
endfacet
facet normal 0 0 0
    outer loop
        vertex 0.07175593329800622 0.02182833049035149 -0.022014646252773586
        vertex 0.07780578698389566 -0.003403316862107434 0.002855254743751496
        vertex 0.07017046212404508 -0.0029778027656994104 -0.02289227230672492
    endloop
endfacet
facet normal 0 0 0
    outer loop
        vertex 0.07175593329800622 0.02182833049035149 -0.022014646252773586
        vertex 0.04567253132711874 -0.0019210271579746287 -0.0141884308818995
        vertex 0.07780578698389566 -0.003403316862107434 0.002855254743751496
    endloop
endfacet
facet normal 0 0 0
    outer loop
        vertex 0.04567253132711874 -0.0019210271579746287 -0.0141884308818995
        vertex 0.07017046212404508 -0.0029778027656994104 -0.02289227230672492
        vertex 0.07780578698389566 -0.003403316862107434 0.002855254743751496
    endloop
endfacet
facet normal 0 0 0
    outer loop
        vertex 0.04567253132711874 -0.0019210271579746287 -0.0141884308818995
        vertex 0.052596422196291855 -0.0016039789434526355 0.01148173621585946
        vertex 0.05406009064301007 0.02269454055236867 0.011302563017181098
    endloop
endfacet
facet normal 0 0 0
    outer loop
        vertex 0.052596422196291855 -0.0016039789434526355 0.01148173621585946
        vertex 0.07780578698389566 -0.003403316862107434 0.002855254743751496
        vertex 0.05406009064301007 0.02269454055236867 0.011302563017181098
    endloop
endfacet
facet normal 0 0 0
    outer loop
        vertex 0.052596422196291855 -0.0016039789434526355 0.01148173621585946
        vertex 0.04567253132711874 -0.0019210271579746287 -0.0141884308818995
        vertex 0.07780578698389566 -0.003403316862107434 0.002855254743751496
    endloop
endfacet
facet normal 0 0 0
    outer loop
        vertex 0.04567253132711874 -0.0019210271579746287 -0.0141884308818995
        vertex 0.05406009064301007 0.02269454055236867 0.011302563017181098
        vertex 0.07780578698389566 -0.003403316862107434 0.002855254743751496
    endloop
endfacet
facet normal 0 0 0
    outer loop
        vertex 0.04567253132711874 -0.0019210271579746287 -0.0141884308818995
        vertex 0.07175593329800622 0.02182833049035149 -0.022014646252773586
        vertex 0.07780578698389566 -0.003403316862107434 0.002855254743751496
    endloop
endfacet
facet normal 0 0 0
    outer loop
        vertex 0.07175593329800622 0.02182833049035149 -0.022014646252773586
        vertex 0.05406009064301007 0.02269454055236867 0.011302563017181098
        vertex 0.07780578698389566 -0.003403316862107434 0.002855254743751496
    endloop
endfacet
facet normal 0 0 0
    outer loop
        vertex 0.07175593329800622 0.02182833049035149 -0.022014646252773586
        vertex 0.04567253132711874 -0.0019210271579746287 -0.0141884308818995
        vertex 0.05406009064301007 0.02269454055236867 0.011302563017181098
    endloop
endfacet
facet normal 0 0 0
    outer loop
        vertex 0.04567253132711874 -0.0019210271579746287 -0.0141884308818995
        vertex 0.07780578698389566 -0.003403316862107434 0.002855254743751496
        vertex 0.05406009064301007 0.02269454055236867 0.011302563017181098
    endloop
endfacet
facet normal 0 0 0
    outer loop
        vertex 0.07175593329800622 0.02182833049035149 -0.022014646252773586
        vertex 0.07915205947151649 0.021384817384834776 0.003163320824770142
        vertex 0.07780578698389566 -0.003403316862107434 0.002855254743751496
    endloop
endfacet
facet normal 0 0 0
    outer loop
        vertex 0.07915205947151649 0.021384817384834776 0.003163320824770142
        vertex 0.05406009064301007 0.02269454055236867 0.011302563017181098
        vertex 0.07780578698389566 -0.003403316862107434 0.002855254743751496
    endloop
endfacet
facet normal 0 0 0
    outer loop
        vertex 0.07915205947151649 0.021384817384834776 0.003163320824770142
        vertex 0.07175593329800622 0.02182833049035149 -0.022014646252773586
        vertex 0.05406009064301007 0.02269454055236867 0.011302563017181098
    endloop
endfacet
facet normal 0 0 0
    outer loop
        vertex 0.07175593329800622 0.02182833049035149 -0.022014646252773586
        vertex 0.07780578698389566 -0.003403316862107434 0.002855254743751496
        vertex 0.05406009064301007 0.02269454055236867 0.011302563017181098
    endloop
endfacet
facet normal 0 0 0
    outer loop
        vertex 0.04567253132711874 -0.0019210271579746287 -0.0141884308818995
        vertex 0.05406009064301007 0.02269454055236867 0.011302563017181098
        vertex 0.04714516675805996 0.02351974762977981 -0.013490056890317367
    endloop
endfacet
facet normal 0 0 0
    outer loop
        vertex 0.05406009064301007 0.02269454055236867 0.011302563017181098
        vertex 0.07175593329800622 0.02182833049035149 -0.022014646252773586
        vertex 0.04714516675805996 0.02351974762977981 -0.013490056890317367
    endloop
endfacet
facet normal 0 0 0
    outer loop
        vertex 0.05406009064301007 0.02269454055236867 0.011302563017181098
        vertex 0.04567253132711874 -0.0019210271579746287 -0.0141884308818995
        vertex 0.07175593329800622 0.02182833049035149 -0.022014646252773586
    endloop
endfacet
facet normal 0 0 0
    outer loop
        vertex 0.04567253132711874 -0.0019210271579746287 -0.0141884308818995
        vertex 0.04714516675805996 0.02351974762977981 -0.013490056890317367
        vertex 0.07175593329800622 0.02182833049035149 -0.022014646252773586
    endloop
endfacet
endsolid