solid tet_mesh
facet normal 0 0 0
    outer loop
        vertex 0.0 0.0 0.0
        vertex 0.02478210837664954 0.0248252801602017 -0.004323120171509039
        vertex 0.02224207730476555 -0.0019175695886633766 -0.005162486319140229
    endloop
endfacet
facet normal 0 0 0
    outer loop
        vertex 0.02478210837664954 0.0248252801602017 -0.004323120171509039
        vertex 0.025185817967626988 -0.00011386479288786061 0.02078242810610025
        vertex 0.02224207730476555 -0.0019175695886633766 -0.005162486319140229
    endloop
endfacet
facet normal 0 0 0
    outer loop
        vertex 0.02478210837664954 0.0248252801602017 -0.004323120171509039
        vertex 0.0 0.0 0.0
        vertex 0.025185817967626988 -0.00011386479288786061 0.02078242810610025
    endloop
endfacet
facet normal 0 0 0
    outer loop
        vertex 0.0 0.0 0.0
        vertex 0.02224207730476555 -0.0019175695886633766 -0.005162486319140229
        vertex 0.025185817967626988 -0.00011386479288786061 0.02078242810610025
    endloop
endfacet
facet normal 0 0 0
    outer loop
        vertex 0.0 0.0 0.0
        vertex 0.0 0.0 0.025
        vertex 0.0 0.025 0.025
    endloop
endfacet
facet normal 0 0 0
    outer loop
        vertex 0.0 0.0 0.025
        vertex 0.025185817967626988 -0.00011386479288786061 0.02078242810610025
        vertex 0.0 0.025 0.025
    endloop
endfacet
facet normal 0 0 0
    outer loop
        vertex 0.0 0.0 0.025
        vertex 0.0 0.0 0.0
        vertex 0.025185817967626988 -0.00011386479288786061 0.02078242810610025
    endloop
endfacet
facet normal 0 0 0
    outer loop
        vertex 0.0 0.0 0.0
        vertex 0.0 0.025 0.025
        vertex 0.025185817967626988 -0.00011386479288786061 0.02078242810610025
    endloop
endfacet
facet normal 0 0 0
    outer loop
        vertex 0.0 0.0 0.0
        vertex 0.02478210837664954 0.0248252801602017 -0.004323120171509039
        vertex 0.025185817967626988 -0.00011386479288786061 0.02078242810610025
    endloop
endfacet
facet normal 0 0 0
    outer loop
        vertex 0.02478210837664954 0.0248252801602017 -0.004323120171509039
        vertex 0.0 0.025 0.025
        vertex 0.025185817967626988 -0.00011386479288786061 0.02078242810610025
    endloop
endfacet
facet normal 0 0 0
    outer loop
        vertex 0.02478210837664954 0.0248252801602017 -0.004323120171509039
        vertex 0.0 0.0 0.0
        vertex 0.0 0.025 0.025
    endloop
endfacet
facet normal 0 0 0
    outer loop
        vertex 0.0 0.0 0.0
        vertex 0.025185817967626988 -0.00011386479288786061 0.02078242810610025
        vertex 0.0 0.025 0.025
    endloop
endfacet
facet normal 0 0 0
    outer loop
        vertex 0.02478210837664954 0.0248252801602017 -0.004323120171509039
        vertex 0.027686796179998942 0.022857439152398254 0.020111732402576982
        vertex 0.025185817967626988 -0.00011386479288786061 0.02078242810610025
    endloop
endfacet
facet normal 0 0 0
    outer loop
        vertex 0.027686796179998942 0.022857439152398254 0.020111732402576982
        vertex 0.0 0.025 0.025
        vertex 0.025185817967626988 -0.00011386479288786061 0.02078242810610025
    endloop
endfacet
facet normal 0 0 0
    outer loop
        vertex 0.027686796179998942 0.022857439152398254 0.020111732402576982
        vertex 0.02478210837664954 0.0248252801602017 -0.004323120171509039
        vertex 0.0 0.025 0.025
    endloop
endfacet
facet normal 0 0 0
    outer loop
        vertex 0.02478210837664954 0.0248252801602017 -0.004323120171509039
        vertex 0.025185817967626988 -0.00011386479288786061 0.02078242810610025
        vertex 0.0 0.025 0.025
    endloop
endfacet
facet normal 0 0 0
    outer loop
        vertex 0.0 0.0 0.0
        vertex 0.0 0.025 0.025
        vertex 0.0 0.025 0.0
    endloop
endfacet
facet normal 0 0 0
    outer loop
        vertex 0.0 0.025 0.025
        vertex 0.02478210837664954 0.0248252801602017 -0.004323120171509039
        vertex 0.0 0.025 0.0
    endloop
endfacet
facet normal 0 0 0
    outer loop
        vertex 0.0 0.025 0.025
        vertex 0.0 0.0 0.0
        vertex 0.02478210837664954 0.0248252801602017 -0.004323120171509039
    endloop
endfacet
facet normal 0 0 0
    outer loop
        vertex 0.0 0.0 0.0
        vertex 0.0 0.025 0.0
        vertex 0.02478210837664954 0.0248252801602017 -0.004323120171509039
    endloop
endfacet
facet normal 0 0 0
    outer loop
        vertex 0.02224207730476555 -0.0019175695886633766 -0.005162486319140229
        vertex 0.048536182219447443 0.02176640952468854 -0.011006262608665126
        vertex 0.04608553273175919 -0.003730054475277715 -0.01170674297348998
    endloop
endfacet
facet normal 0 0 0
    outer loop
        vertex 0.048536182219447443 0.02176640952468854 -0.011006262608665126
        vertex 0.051320725915652135 -0.0033269797134593574 0.013935193158804348
        vertex 0.04608553273175919 -0.003730054475277715 -0.01170674297348998
    endloop
endfacet
facet normal 0 0 0
    outer loop
        vertex 0.048536182219447443 0.02176640952468854 -0.011006262608665126
        vertex 0.02224207730476555 -0.0019175695886633766 -0.005162486319140229
        vertex 0.051320725915652135 -0.0033269797134593574 0.013935193158804348
    endloop
endfacet
facet normal 0 0 0
    outer loop
        vertex 0.02224207730476555 -0.0019175695886633766 -0.005162486319140229
        vertex 0.04608553273175919 -0.003730054475277715 -0.01170674297348998
        vertex 0.051320725915652135 -0.0033269797134593574 0.013935193158804348
    endloop
endfacet
facet normal 0 0 0
    outer loop
        vertex 0.02224207730476555 -0.0019175695886633766 -0.005162486319140229
        vertex 0.025185817967626988 -0.00011386479288786061 0.02078242810610025
        vertex 0.027686796179998942 0.022857439152398254 0.020111732402576982
    endloop
endfacet
facet normal 0 0 0
    outer loop
        vertex 0.025185817967626988 -0.00011386479288786061 0.02078242810610025
        vertex 0.051320725915652135 -0.0033269797134593574 0.013935193158804348
        vertex 0.027686796179998942 0.022857439152398254 0.020111732402576982
    endloop
endfacet
facet normal 0 0 0
    outer loop
        vertex 0.025185817967626988 -0.00011386479288786061 0.02078242810610025
        vertex 0.02224207730476555 -0.0019175695886633766 -0.005162486319140229
        vertex 0.051320725915652135 -0.0033269797134593574 0.013935193158804348
    endloop
endfacet
facet normal 0 0 0
    outer loop
        vertex 0.02224207730476555 -0.0019175695886633766 -0.005162486319140229
        vertex 0.027686796179998942 0.022857439152398254 0.020111732402576982
        vertex 0.051320725915652135 -0.0033269797134593574 0.013935193158804348
    endloop
endfacet
facet normal 0 0 0
    outer loop
        vertex 0.02224207730476555 -0.0019175695886633766 -0.005162486319140229
        vertex 0.048536182219447443 0.02176640952468854 -0.011006262608665126
        vertex 0.051320725915652135 -0.0033269797134593574 0.013935193158804348
    endloop
endfacet
facet normal 0 0 0
    outer loop
        vertex 0.048536182219447443 0.02176640952468854 -0.011006262608665126
        vertex 0.027686796179998942 0.022857439152398254 0.020111732402576982
        vertex 0.051320725915652135 -0.0033269797134593574 0.013935193158804348
    endloop
endfacet
facet normal 0 0 0
    outer loop
        vertex 0.048536182219447443 0.02176640952468854 -0.011006262608665126
        vertex 0.02224207730476555 -0.0019175695886633766 -0.005162486319140229
        vertex 0.027686796179998942 0.022857439152398254 0.020111732402576982
    endloop
endfacet
facet normal 0 0 0
    outer loop
        vertex 0.02224207730476555 -0.0019175695886633766 -0.005162486319140229
        vertex 0.051320725915652135 -0.0033269797134593574 0.013935193158804348
        vertex 0.027686796179998942 0.022857439152398254 0.020111732402576982
    endloop
endfacet
facet normal 0 0 0
    outer loop
        vertex 0.048536182219447443 0.02176640952468854 -0.011006262608665126
        vertex 0.053737398749962785 0.020873843047503275 0.013772580742974643
        vertex 0.051320725915652135 -0.0033269797134593574 0.013935193158804348
    endloop
endfacet
facet normal 0 0 0
    outer loop
        vertex 0.053737398749962785 0.020873843047503275 0.013772580742974643
        vertex 0.027686796179998942 0.022857439152398254 0.020111732402576982
        vertex 0.051320725915652135 -0.0033269797134593574 0.013935193158804348
    endloop
endfacet
facet normal 0 0 0
    outer loop
        vertex 0.053737398749962785 0.020873843047503275 0.013772580742974643
        vertex 0.048536182219447443 0.02176640952468854 -0.011006262608665126
        vertex 0.027686796179998942 0.022857439152398254 0.020111732402576982
    endloop
endfacet
facet normal 0 0 0
    outer loop
        vertex 0.048536182219447443 0.02176640952468854 -0.011006262608665126
        vertex 0.051320725915652135 -0.0033269797134593574 0.013935193158804348
        vertex 0.027686796179998942 0.022857439152398254 0.020111732402576982
    endloop
endfacet
facet normal 0 0 0
    outer loop
        vertex 0.02224207730476555 -0.0019175695886633766 -0.005162486319140229
        vertex 0.027686796179998942 0.022857439152398254 0.020111732402576982
        vertex 0.02478210837664954 0.0248252801602017 -0.004323120171509039
    endloop
endfacet
facet normal 0 0 0
    outer loop
        vertex 0.027686796179998942 0.022857439152398254 0.020111732402576982
        vertex 0.048536182219447443 0.02176640952468854 -0.011006262608665126
        vertex 0.02478210837664954 0.0248252801602017 -0.004323120171509039
    endloop
endfacet
facet normal 0 0 0
    outer loop
        vertex 0.027686796179998942 0.022857439152398254 0.020111732402576982
        vertex 0.02224207730476555 -0.0019175695886633766 -0.005162486319140229
        vertex 0.048536182219447443 0.02176640952468854 -0.011006262608665126
    endloop
endfacet
facet normal 0 0 0
    outer loop
        vertex 0.02224207730476555 -0.0019175695886633766 -0.005162486319140229
        vertex 0.02478210837664954 0.0248252801602017 -0.004323120171509039
        vertex 0.048536182219447443 0.02176640952468854 -0.011006262608665126
    endloop
endfacet
facet normal 0 0 0
    outer loop
        vertex 0.04608553273175919 -0.003730054475277715 -0.01170674297348998
        vertex 0.07323648305338751 0.01901600605500325 -0.017780200993695226
        vertex 0.0705937152956075 -0.005775390291977176 -0.018661362804212284
    endloop
endfacet
facet normal 0 0 0
    outer loop
        vertex 0.07323648305338751 0.01901600605500325 -0.017780200993695226
        vertex 0.07649689345722571 -0.006171538228943714 0.0070455969303183374
        vertex 0.0705937152956075 -0.005775390291977176 -0.018661362804212284
    endloop
endfacet
facet normal 0 0 0
    outer loop
        vertex 0.07323648305338751 0.01901600605500325 -0.017780200993695226
        vertex 0.04608553273175919 -0.003730054475277715 -0.01170674297348998
        vertex 0.07649689345722571 -0.006171538228943714 0.0070455969303183374
    endloop
endfacet
facet normal 0 0 0
    outer loop
        vertex 0.04608553273175919 -0.003730054475277715 -0.01170674297348998
        vertex 0.0705937152956075 -0.005775390291977176 -0.018661362804212284
        vertex 0.07649689345722571 -0.006171538228943714 0.0070455969303183374
    endloop
endfacet
facet normal 0 0 0
    outer loop
        vertex 0.04608553273175919 -0.003730054475277715 -0.01170674297348998
        vertex 0.051320725915652135 -0.0033269797134593574 0.013935193158804348
        vertex 0.053737398749962785 0.020873843047503275 0.013772580742974643
    endloop
endfacet
facet normal 0 0 0
    outer loop
        vertex 0.051320725915652135 -0.0033269797134593574 0.013935193158804348
        vertex 0.07649689345722571 -0.006171538228943714 0.0070455969303183374
        vertex 0.053737398749962785 0.020873843047503275 0.013772580742974643
    endloop
endfacet
facet normal 0 0 0
    outer loop
        vertex 0.051320725915652135 -0.0033269797134593574 0.013935193158804348
        vertex 0.04608553273175919 -0.003730054475277715 -0.01170674297348998
        vertex 0.07649689345722571 -0.006171538228943714 0.0070455969303183374
    endloop
endfacet
facet normal 0 0 0
    outer loop
        vertex 0.04608553273175919 -0.003730054475277715 -0.01170674297348998
        vertex 0.053737398749962785 0.020873843047503275 0.013772580742974643
        vertex 0.07649689345722571 -0.006171538228943714 0.0070455969303183374
    endloop
endfacet
facet normal 0 0 0
    outer loop
        vertex 0.04608553273175919 -0.003730054475277715 -0.01170674297348998
        vertex 0.07323648305338751 0.01901600605500325 -0.017780200993695226
        vertex 0.07649689345722571 -0.006171538228943714 0.0070455969303183374
    endloop
endfacet
facet normal 0 0 0
    outer loop
        vertex 0.07323648305338751 0.01901600605500325 -0.017780200993695226
        vertex 0.053737398749962785 0.020873843047503275 0.013772580742974643
        vertex 0.07649689345722571 -0.006171538228943714 0.0070455969303183374
    endloop
endfacet
facet normal 0 0 0
    outer loop
        vertex 0.07323648305338751 0.01901600605500325 -0.017780200993695226
        vertex 0.04608553273175919 -0.003730054475277715 -0.01170674297348998
        vertex 0.053737398749962785 0.020873843047503275 0.013772580742974643
    endloop
endfacet
facet normal 0 0 0
    outer loop
        vertex 0.04608553273175919 -0.003730054475277715 -0.01170674297348998
        vertex 0.07649689345722571 -0.006171538228943714 0.0070455969303183374
        vertex 0.053737398749962785 0.020873843047503275 0.013772580742974643
    endloop
endfacet
facet normal 0 0 0
    outer loop
        vertex 0.07323648305338751 0.01901600605500325 -0.017780200993695226
        vertex 0.07883195695169172 0.018576845401644615 0.007383845864039146
        vertex 0.07649689345722571 -0.006171538228943714 0.0070455969303183374
    endloop
endfacet
facet normal 0 0 0
    outer loop
        vertex 0.07883195695169172 0.018576845401644615 0.007383845864039146
        vertex 0.053737398749962785 0.020873843047503275 0.013772580742974643
        vertex 0.07649689345722571 -0.006171538228943714 0.0070455969303183374
    endloop
endfacet
facet normal 0 0 0
    outer loop
        vertex 0.07883195695169172 0.018576845401644615 0.007383845864039146
        vertex 0.07323648305338751 0.01901600605500325 -0.017780200993695226
        vertex 0.053737398749962785 0.020873843047503275 0.013772580742974643
    endloop
endfacet
facet normal 0 0 0
    outer loop
        vertex 0.07323648305338751 0.01901600605500325 -0.017780200993695226
        vertex 0.07649689345722571 -0.006171538228943714 0.0070455969303183374
        vertex 0.053737398749962785 0.020873843047503275 0.013772580742974643
    endloop
endfacet
facet normal 0 0 0
    outer loop
        vertex 0.04608553273175919 -0.003730054475277715 -0.01170674297348998
        vertex 0.053737398749962785 0.020873843047503275 0.013772580742974643
        vertex 0.048536182219447443 0.02176640952468854 -0.011006262608665126
    endloop
endfacet
facet normal 0 0 0
    outer loop
        vertex 0.053737398749962785 0.020873843047503275 0.013772580742974643
        vertex 0.07323648305338751 0.01901600605500325 -0.017780200993695226
        vertex 0.048536182219447443 0.02176640952468854 -0.011006262608665126
    endloop
endfacet
facet normal 0 0 0
    outer loop
        vertex 0.053737398749962785 0.020873843047503275 0.013772580742974643
        vertex 0.04608553273175919 -0.003730054475277715 -0.01170674297348998
        vertex 0.07323648305338751 0.01901600605500325 -0.017780200993695226
    endloop
endfacet
facet normal 0 0 0
    outer loop
        vertex 0.04608553273175919 -0.003730054475277715 -0.01170674297348998
        vertex 0.048536182219447443 0.02176640952468854 -0.011006262608665126
        vertex 0.07323648305338751 0.01901600605500325 -0.017780200993695226
    endloop
endfacet
endsolid