3053160.919540 -589080.459770 -589080.459770 -28735.632184 0.000000 1178160.919540 -28735.632184 1178160.919540 0.000000 581896.551724 -574712.643678 -574712.643678 -1192528.735632 1163793.103448 1163793.103448 -596264.367816 574712.643678 -1767241.379310 -596264.367816 -1767241.379310 574712.643678 0.000000 0.000000 0.000000 0.000000 0.000000 0.000000 0.000000 0.000000 0.000000 0.000000 0.000000 0.000000 0.000000 0.000000 0.000000
-589080.459770 3053160.919540 1767241.379310 0.000000 -28735.632184 -1149425.287356 1178160.919540 -2385057.471264 1149425.287356 574712.643678 -596264.367816 -1767241.379310 14367.816092 -14367.816092 0.000000 -574712.643678 581896.551724 -574712.643678 -1767241.379310 -596264.367816 574712.643678 0.000000 0.000000 0.000000 0.000000 0.000000 0.000000 0.000000 0.000000 0.000000 0.000000 0.000000 0.000000 0.000000 0.000000 0.000000
-589080.459770 1767241.379310 3053160.919540 1178160.919540 1149425.287356 -2385057.471264 0.000000 -1149425.287356 -28735.632184 574712.643678 -1767241.379310 -596264.367816 14367.816092 0.000000 -14367.816092 -1767241.379310 574712.643678 -596264.367816 -574712.643678 -574712.643678 581896.551724 0.000000 0.000000 0.000000 0.000000 0.000000 0.000000 0.000000 0.000000 0.000000 0.000000 0.000000 0.000000 0.000000 0.000000 0.000000
-28735.632184 0.000000 1178160.919540 3053160.919540 589080.459770 -589080.459770 581896.551724 574712.643678 -574712.643678 -28735.632184 -1178160.919540 0.000000 0.000000 0.000000 0.000000 -1192528.735632 -14367.816092 14367.816092 0.000000 0.000000 0.000000 0.000000 0.000000 0.000000 0.000000 0.000000 0.000000 0.000000 0.000000 0.000000 0.000000 0.000000 0.000000 0.000000 0.000000 0.000000
0.000000 -28735.632184 1149425.287356 589080.459770 3053160.919540 -1767241.379310 -574712.643678 -596264.367816 1767241.379310 -1178160.919540 -2385057.471264 -1149425.287356 0.000000 0.000000 0.000000 -1163793.103448 -14367.816092 0.000000 0.000000 0.000000 0.000000 0.000000 0.000000 0.000000 0.000000 0.000000 0.000000 0.000000 0.000000 0.000000 0.000000 0.000000 0.000000 0.000000 0.000000 0.000000
1178160.919540 -1149425.287356 -2385057.471264 -589080.459770 -1767241.379310 3053160.919540 574712.643678 1767241.379310 -596264.367816 0.000000 1149425.287356 -28735.632184 0.000000 0.000000 0.000000 1163793.103448 0.000000 -14367.816092 0.000000 0.000000 0.000000 0.000000 0.000000 0.000000 0.000000 0.000000 0.000000 0.000000 0.000000 0.000000 0.000000 0.000000 0.000000 0.000000 0.000000 0.000000
-28735.632184 1178160.919540 0.000000 581896.551724 -574712.643678 574712.643678 3053160.919540 -589080.459770 589080.459770 -28735.632184 0.000000 -1178160.919540 0.000000 0.000000 0.000000 0.000000 0.000000 0.000000 -1192528.735632 14367.816092 -14367.816092 0.000000 0.000000 0.000000 0.000000 0.000000 0.000000 0.000000 0.000000 0.000000 0.000000 0.000000 0.000000 0.000000 0.000000 0.000000
1178160.919540 -2385057.471264 -1149425.287356 574712.643678 -596264.367816 1767241.379310 -589080.459770 3053160.919540 -1767241.379310 0.000000 -28735.632184 1149425.287356 0.000000 0.000000 0.000000 0.000000 0.000000 0.000000 1163793.103448 -14367.816092 0.000000 0.000000 0.000000 0.000000 0.000000 0.000000 0.000000 0.000000 0.000000 0.000000 0.000000 0.000000 0.000000 0.000000 0.000000 0.000000
0.000000 1149425.287356 -28735.632184 -574712.643678 1767241.379310 -596264.367816 589080.459770 -1767241.379310 3053160.919540 -1178160.919540 -1149425.287356 -2385057.471264 0.000000 0.000000 0.000000 0.000000 0.000000 0.000000 -1163793.103448 0.000000 -14367.816092 0.000000 0.000000 0.000000 0.000000 0.000000 0.000000 0.000000 0.000000 0.000000 0.000000 0.000000 0.000000 0.000000 0.000000 0.000000
581896.551724 574712.643678 574712.643678 -28735.632184 -1178160.919540 0.000000 -28735.632184 0.000000 -1178160.919540 3053160.919540 589080.459770 589080.459770 0.000000 0.000000 0.000000 -596264.367816 1767241.379310 -574712.643678 -596264.367816 -574712.643678 1767241.379310 -1192528.735632 -1163793.103448 -1163793.103448 0.000000 0.000000 0.000000 0.000000 0.000000 0.000000 0.000000 0.000000 0.000000 0.000000 0.000000 0.000000
-574712.643678 -596264.367816 -1767241.379310 -1178160.919540 -2385057.471264 1149425.287356 0.000000 -28735.632184 -1149425.287356 589080.459770 3053160.919540 1767241.379310 0.000000 0.000000 0.000000 1767241.379310 -596264.367816 574712.643678 574712.643678 581896.551724 -574712.643678 -14367.816092 -14367.816092 0.000000 0.000000 0.000000 0.000000 0.000000 0.000000 0.000000 0.000000 0.000000 0.000000 0.000000 0.000000 0.000000
-574712.643678 -1767241.379310 -596264.367816 0.000000 -1149425.287356 -28735.632184 -1178160.919540 1149425.287356 -2385057.471264 589080.459770 1767241.379310 3053160.919540 0.000000 0.000000 0.000000 574712.643678 -574712.643678 581896.551724 1767241.379310 574712.643678 -596264.367816 -14367.816092 0.000000 -14367.816092 0.000000 0.000000 0.000000 0.000000 0.000000 0.000000 0.000000 0.000000 0.000000 0.000000 0.000000 0.000000
-1192528.735632 14367.816092 14367.816092 0.000000 0.000000 0.000000 0.000000 0.000000 0.000000 0.000000 0.000000 0.000000 3053160.919540 -589080.459770 -589080.459770 -28735.632184 0.000000 1178160.919540 -28735.632184 1178160.919540 0.000000 581896.551724 -574712.643678 -574712.643678 -1192528.735632 1163793.103448 1163793.103448 -596264.367816 574712.643678 -1767241.379310 -596264.367816 -1767241.379310 574712.643678 0.000000 0.000000 0.000000
1163793.103448 -14367.816092 0.000000 0.000000 0.000000 0.000000 0.000000 0.000000 0.000000 0.000000 0.000000 0.000000 -589080.459770 3053160.919540 1767241.379310 0.000000 -28735.632184 -1149425.287356 1178160.919540 -2385057.471264 1149425.287356 574712.643678 -596264.367816 -1767241.379310 14367.816092 -14367.816092 0.000000 -574712.643678 581896.551724 -574712.643678 -1767241.379310 -596264.367816 574712.643678 0.000000 0.000000 0.000000
1163793.103448 0.000000 -14367.816092 0.000000 0.000000 0.000000 0.000000 0.000000 0.000000 0.000000 0.000000 0.000000 -589080.459770 1767241.379310 3053160.919540 1178160.919540 1149425.287356 -2385057.471264 0.000000 -1149425.287356 -28735.632184 574712.643678 -1767241.379310 -596264.367816 14367.816092 0.000000 -14367.816092 -1767241.379310 574712.643678 -596264.367816 -574712.643678 -574712.643678 581896.551724 0.000000 0.000000 0.000000
-596264.367816 -574712.643678 -1767241.379310 -1192528.735632 -1163793.103448 1163793.103448 0.000000 0.000000 0.000000 -596264.367816 1767241.379310 574712.643678 -28735.632184 0.000000 1178160.919540 3053160.919540 589080.459770 -589080.459770 581896.551724 574712.643678 -574712.643678 -28735.632184 -1178160.919540 0.000000 0.000000 0.000000 0.000000 -1192528.735632 -14367.816092 14367.816092 0.000000 0.000000 0.000000 0.000000 0.000000 0.000000
574712.643678 581896.551724 574712.643678 -14367.816092 -14367.816092 0.000000 0.000000 0.000000 0.000000 1767241.379310 -596264.367816 -574712.643678 0.000000 -28735.632184 1149425.287356 589080.459770 3053160.919540 -1767241.379310 -574712.643678 -596264.367816 1767241.379310 -1178160.919540 -2385057.471264 -1149425.287356 0.000000 0.000000 0.000000 -1163793.103448 -14367.816092 0.000000 0.000000 0.000000 0.000000 0.000000 0.000000 0.000000
-1767241.379310 -574712.643678 -596264.367816 14367.816092 0.000000 -14367.816092 0.000000 0.000000 0.000000 -574712.643678 574712.643678 581896.551724 1178160.919540 -1149425.287356 -2385057.471264 -589080.459770 -1767241.379310 3053160.919540 574712.643678 1767241.379310 -596264.367816 0.000000 1149425.287356 -28735.632184 0.000000 0.000000 0.000000 1163793.103448 0.000000 -14367.816092 0.000000 0.000000 0.000000 0.000000 0.000000 0.000000
-596264.367816 -1767241.379310 -574712.643678 0.000000 0.000000 0.000000 -1192528.735632 1163793.103448 -1163793.103448 -596264.367816 574712.643678 1767241.379310 -28735.632184 1178160.919540 0.000000 581896.551724 -574712.643678 574712.643678 3053160.919540 -589080.459770 589080.459770 -28735.632184 0.000000 -1178160.919540 0.000000 0.000000 0.000000 0.000000 0.000000 0.000000 -1192528.735632 14367.816092 -14367.816092 0.000000 0.000000 0.000000
-1767241.379310 -596264.367816 -574712.643678 0.000000 0.000000 0.000000 14367.816092 -14367.816092 0.000000 -574712.643678 581896.551724 574712.643678 1178160.919540 -2385057.471264 -1149425.287356 574712.643678 -596264.367816 1767241.379310 -589080.459770 3053160.919540 -1767241.379310 0.000000 -28735.632184 1149425.287356 0.000000 0.000000 0.000000 0.000000 0.000000 0.000000 1163793.103448 -14367.816092 0.000000 0.000000 0.000000 0.000000
574712.643678 574712.643678 581896.551724 0.000000 0.000000 0.000000 -14367.816092 0.000000 -14367.816092 1767241.379310 -574712.643678 -596264.367816 0.000000 1149425.287356 -28735.632184 -574712.643678 1767241.379310 -596264.367816 589080.459770 -1767241.379310 3053160.919540 -1178160.919540 -1149425.287356 -2385057.471264 0.000000 0.000000 0.000000 0.000000 0.000000 0.000000 -1163793.103448 0.000000 -14367.816092 0.000000 0.000000 0.000000
0.000000 0.000000 0.000000 0.000000 0.000000 0.000000 0.000000 0.000000 0.000000 -1192528.735632 -14367.816092 -14367.816092 581896.551724 574712.643678 574712.643678 -28735.632184 -1178160.919540 0.000000 -28735.632184 0.000000 -1178160.919540 3053160.919540 589080.459770 589080.459770 0.000000 0.000000 0.000000 -596264.367816 1767241.379310 -574712.643678 -596264.367816 -574712.643678 1767241.379310 -1192528.735632 -1163793.103448 -1163793.103448
0.000000 0.000000 0.000000 0.000000 0.000000 0.000000 0.000000 0.000000 0.000000 -1163793.103448 -14367.816092 0.000000 -574712.643678 -596264.367816 -1767241.379310 -1178160.919540 -2385057.471264 1149425.287356 0.000000 -28735.632184 -1149425.287356 589080.459770 3053160.919540 1767241.379310 0.000000 0.000000 0.000000 1767241.379310 -596264.367816 574712.643678 574712.643678 581896.551724 -574712.643678 -14367.816092 -14367.816092 0.000000
0.000000 0.000000 0.000000 0.000000 0.000000 0.000000 0.000000 0.000000 0.000000 -1163793.103448 0.000000 -14367.816092 -574712.643678 -1767241.379310 -596264.367816 0.000000 -1149425.287356 -28735.632184 -1178160.919540 1149425.287356 -2385057.471264 589080.459770 1767241.379310 3053160.919540 0.000000 0.000000 0.000000 574712.643678 -574712.643678 581896.551724 1767241.379310 574712.643678 -596264.367816 -14367.816092 0.000000 -14367.816092
0.000000 0.000000 0.000000 0.000000 0.000000 0.000000 0.000000 0.000000 0.000000 0.000000 0.000000 0.000000 -1192528.735632 14367.816092 14367.816092 0.000000 0.000000 0.000000 0.000000 0.000000 0.000000 0.000000 0.000000 0.000000 1221264.367816 -1178160.919540 -1178160.919540 -14367.816092 0.000000 1163793.103448 -14367.816092 1163793.103448 0.000000 0.000000 0.000000 0.000000
0.000000 0.000000 0.000000 0.000000 0.000000 0.000000 0.000000 0.000000 0.000000 0.000000 0.000000 0.000000 1163793.103448 -14367.816092 0.000000 0.000000 0.000000 0.000000 0.000000 0.000000 0.000000 0.000000 0.000000 0.000000 -1178160.919540 1221264.367816 1178160.919540 0.000000 -14367.816092 -1163793.103448 14367.816092 -1192528.735632 -14367.816092 0.000000 0.000000 0.000000
0.000000 0.000000 0.000000 0.000000 0.000000 0.000000 0.000000 0.000000 0.000000 0.000000 0.000000 0.000000 1163793.103448 0.000000 -14367.816092 0.000000 0.000000 0.000000 0.000000 0.000000 0.000000 0.000000 0.000000 0.000000 -1178160.919540 1178160.919540 1221264.367816 14367.816092 -14367.816092 -1192528.735632 0.000000 -1163793.103448 -14367.816092 0.000000 0.000000 0.000000
0.000000 0.000000 0.000000 0.000000 0.000000 0.000000 0.000000 0.000000 0.000000 0.000000 0.000000 0.000000 -596264.367816 -574712.643678 -1767241.379310 -1192528.735632 -1163793.103448 1163793.103448 0.000000 0.000000 0.000000 -596264.367816 1767241.379310 574712.643678 -14367.816092 0.000000 14367.816092 1831896.551724 -589080.459770 589080.459770 581896.551724 574712.643678 -574712.643678 -14367.816092 -14367.816092 0.000000
0.000000 0.000000 0.000000 0.000000 0.000000 0.000000 0.000000 0.000000 0.000000 0.000000 0.000000 0.000000 574712.643678 581896.551724 574712.643678 -14367.816092 -14367.816092 0.000000 0.000000 0.000000 0.000000 1767241.379310 -596264.367816 -574712.643678 0.000000 -14367.816092 -14367.816092 -589080.459770 1831896.551724 -589080.459770 -574712.643678 -596264.367816 1767241.379310 -1163793.103448 -1192528.735632 -1163793.103448
0.000000 0.000000 0.000000 0.000000 0.000000 0.000000 0.000000 0.000000 0.000000 0.000000 0.000000 0.000000 -1767241.379310 -574712.643678 -596264.367816 14367.816092 0.000000 -14367.816092 0.000000 0.000000 0.000000 -574712.643678 574712.643678 581896.551724 1163793.103448 -1163793.103448 -1192528.735632 589080.459770 -589080.459770 1831896.551724 574712.643678 1767241.379310 -596264.367816 0.000000 -14367.816092 -14367.816092
0.000000 0.000000 0.000000 0.000000 0.000000 0.000000 0.000000 0.000000 0.000000 0.000000 0.000000 0.000000 -596264.367816 -1767241.379310 -574712.643678 0.000000 0.000000 0.000000 -1192528.735632 1163793.103448 -1163793.103448 -596264.367816 574712.643678 1767241.379310 -14367.816092 14367.816092 0.000000 581896.551724 -574712.643678 574712.643678 1831896.551724 589080.459770 -589080.459770 -14367.816092 0.000000 -14367.816092
0.000000 0.000000 0.000000 0.000000 0.000000 0.000000 0.000000 0.000000 0.000000 0.000000 0.000000 0.000000 -1767241.379310 -596264.367816 -574712.643678 0.000000 0.000000 0.000000 14367.816092 -14367.816092 0.000000 -574712.643678 581896.551724 574712.643678 1163793.103448 -1192528.735632 -1163793.103448 574712.643678 -596264.367816 1767241.379310 589080.459770 1831896.551724 -589080.459770 0.000000 -14367.816092 -14367.816092
0.000000 0.000000 0.000000 0.000000 0.000000 0.000000 0.000000 0.000000 0.000000 0.000000 0.000000 0.000000 574712.643678 574712.643678 581896.551724 0.000000 0.000000 0.000000 -14367.816092 0.000000 -14367.816092 1767241.379310 -574712.643678 -596264.367816 0.000000 -14367.816092 -14367.816092 -574712.643678 1767241.379310 -596264.367816 -589080.459770 -589080.459770 1831896.551724 -1163793.103448 -1163793.103448 -1192528.735632
0.000000 0.000000 0.000000 0.000000 0.000000 0.000000 0.000000 0.000000 0.000000 0.000000 0.000000 0.000000 0.000000 0.000000 0.000000 0.000000 0.000000 0.000000 0.000000 0.000000 0.000000 -1192528.735632 -14367.816092 -14367.816092 0.000000 0.000000 0.000000 -14367.816092 -1163793.103448 0.000000 -14367.816092 0.000000 -1163793.103448 1221264.367816 1178160.919540 1178160.919540
0.000000 0.000000 0.000000 0.000000 0.000000 0.000000 0.000000 0.000000 0.000000 0.000000 0.000000 0.000000 0.000000 0.000000 0.000000 0.000000 0.000000 0.000000 0.000000 0.000000 0.000000 -1163793.103448 -14367.816092 0.000000 0.000000 0.000000 0.000000 -14367.816092 -1192528.735632 -14367.816092 0.000000 -14367.816092 -1163793.103448 1178160.919540 1221264.367816 1178160.919540
0.000000 0.000000 0.000000 0.000000 0.000000 0.000000 0.000000 0.000000 0.000000 0.000000 0.000000 0.000000 0.000000 0.000000 0.000000 0.000000 0.000000 0.000000 0.000000 0.000000 0.000000 -1163793.103448 0.000000 -14367.816092 0.000000 0.000000 0.000000 0.000000 -1163793.103448 -14367.816092 -14367.816092 -14367.816092 -1192528.735632 1178160.919540 1178160.919540 1221264.367816
